function grad = grad(x)
grad = [2*x(1) - 400*x(1)*(- x(1)^2 + x(2)) - 2;
  - 200*x(1)^2 + 202*x(2) - 400*x(2)*(x(3) - x(2)^2) - 2;
  - 200*x(2)^2 + 202*x(3) - 400*x(3)*(x(4) - x(3)^2) - 2;
  - 200*x(3)^2 + 202*x(4) - 400*x(4)*(x(5) - x(4)^2) - 2;
  - 200*x(4)^2 + 202*x(5) - 400*x(5)*(x(6) - x(5)^2) - 2;
  - 200*x(5)^2 + 202*x(6) - 400*x(6)*(x(7) - x(6)^2) - 2;
  - 200*x(6)^2 + 202*x(7) - 400*x(7)*(x(8) - x(7)^2) - 2;
  - 200*x(7)^2 + 202*x(8) - 400*x(8)*(x(9) - x(8)^2) - 2;
 - 200*x(8)^2 + 202*x(9) - 400*x(9)*(x(10) - x(9)^2) - 2;
 - 200*x(9)^2 + 200*x(10);];
end
