function hess = HessianMatrix(x)

hess = [          1200*x(1)^2 - 400*x(2) + 2,          -400*x(1),       0,         0,         0,         0,        0,                        0,               0,          0;
                    -400*x(1),       1200*x(2)^2 - 400*x(3) + 202,                  -400*x(2),                  0,      0,                        0,                        0,                        0,                        0,                         0;
                      0,                       -400*x(2), 1200*x(3)^2 - 400*x(4) + 202,                  -400*x(3),     0,                   0,                        0,                        0,                        0,                         0;
                      0,       0,                              -400*x(3), 1200*x(4)^2 - 400*x(5) + 202,                  -400*x(4),               0,                     0,                        0,                        0,                         0;
                      0,       0,                        0,                               -400*x(4), 1200*x(5)^2 - 400*x(6) + 202,                  -400*x(5),                   0,                0,                        0,                         0;
                      0,       0,                        0,                        0,                         -400*x(5), 1200*x(6)^2 - 400*x(7) + 202,                  -400*x(6),                               0,          0,                         0;
                      0,       0,                        0,                        0,                        0,                                 -400*x(6), 1200*x(7)^2 - 400*x(8) + 202,                  -400*x(7),                  0,                0;
                      0,       0,                        0,                        0,                        0,                        0,                       -400*x(7), 1200*x(8)^2 - 400*x(9) + 202,                   -400*x(8)           ,    0    ;
                      0,      0,                        0,                        0,                        0,                        0,                        0,                                   -400*x(8), 1200*x(9)^2 - 400*x(10) + 202,-400*x(9);
                      0,0,0,0,0,0,0,0,-400*x(9),200;];

end

